tree
version=v4
num_class=1
num_tree_per_iteration=1
label_index=0
max_feature_idx=32
objective=rank_xendcg
feature_names=pe pbv ps pebitda roe roa roc om pm dy em nde tdte tdta eps12m surprise_US surprise_EURO surprise_UK surprise_JAP surprise_PAC surprise_GEM surprise_CHINA surprise_AUS prob_risk_off prob_inflation world_trade EPU_global EPU_US EPU_Europe EPU_UK EPU_JAP EPU_Australia EPU_China
feature_infos=[-0.73354640485526845:1.1151189671442232] [-0.24157003602261984:0.36751275523770399] [-0.35447768819884506:0.42922115722599652] [-0.29159961509620602:0.35894825654759788] [-0.078196587961718758:0.076751913683387615] [-0.0088194772951656238:0.0096598780042962979] [-0.031841142803769241:0.030772643294476206] [-0.049582986623975388:0.064524412583328528] [-0.025644311317638044:0.026661026106350728] [-0.011522411943927047:0.011697459887154689] [-0.045350045990938559:0.059622213876996281] [-11.034258365549563:95.992236233479744] [-0.12828498555319034:0.22306872716075832] [-0.13894535469877645:0.21303042310079778] [-6.9163410151443596:90.630445181494139] [-297.39999999999998:621.60000000000002] [-580.79999999999995:599.60000000000002] [-263.5:465.70000000000005] [-227.89999999999998:260] [-120.69999999999999:150.29999999999998] [-87.099999999999994:133.69999999999999] [-426.60000000000002:313] [-223.30000000000001:381.89999999999998] [0.019585458918967145:0.80800944265943186] [0.10565654992721225:0.7905537841388417] [-0.14699570815450647:0.15193026151930256] [-10.300000000000011:644.05999999999995] [-218.99000000000004:927.34999999999991] [32.120000000000005:641.75] [-108.14999999999998:1848.9899999999998] [-20.519999999999982:349.80000000000001] [-229.00000000000003:570.34000000000003] [-186.99999999999997:887]
tree_sizes=1205 1202 1204 1215 1214 1234 1198 1241 1106 1107 1116 1119 1228 1109 1108 1223 1227

Tree=0
num_leaves=10
num_cat=0
split_feature=1 16 8 3 19 26 12 25 9
split_gain=1.03819 0.747132 0.611389 0.884031 0.685703 0.677946 0.473299 0.416334 0.660392
threshold=0.039419497061647053 91.40000000000002 -0.0049127346103277902 0.036197355397212257 -50.79999999999999 265.62000000000006 0.048963452843004747 0.0080106634264375271 -0.0010493635927290078
decision_type=2 2 2 2 2 2 2 2 2
left_child=1 2 5 4 -4 -1 7 8 -2
right_child=6 -3 3 -5 -6 -7 -8 -9 -10
leaf_value=0.0027252024409219052 -0.0019743690358369741 0.0019495594463808821 0.0015694843826957699 -0.001851973009412045 -3.9147080823283894e-05 0 -0.0019859812286642377 0.00017597860160648574 0.00029003115681828069
leaf_weight=4.7222224473953229 7.5000003576278687 7.3611114621162406 8.0555559396743757 5.555555820465087 33.333334922790527 4.1666668653488159 5.555555820465087 15.27777850627899 5.0000002384185809
leaf_count=34 54 53 58 40 240 30 40 110 36
internal_value=6.69102e-05 0.000448087 0.000239618 7.09558e-07 0.000263392 0.00143835 -0.000640349 -0.000350171 -0.00103122
internal_weight=96.5278 63.1944 55.8333 46.9444 41.3889 8.88889 33.3333 27.7778 12.5
internal_count=695 455 402 338 298 64 240 200 90
is_linear=0
shrinkage=0.005


Tree=1
num_leaves=10
num_cat=0
split_feature=1 16 8 9 24 28 26 12 25
split_gain=1.02263 0.716177 0.628987 0.849159 0.911969 0.883699 0.683474 0.460175 0.414221
threshold=0.039419497061647053 91.40000000000002 -0.0049127346103277902 0.001588930834536251 0.30221952528142798 297.80500000000006 265.62000000000006 0.048963452843004747 0.0080106634264375271
decision_type=2 2 2 2 2 2 2 2 2
left_child=1 2 6 4 -4 -5 -1 8 -2
right_child=7 -3 3 5 -6 -7 -8 -9 -10
leaf_value=0.0027410050891560965 -0.0010337083527133157 0.0019089976972144246 -0.0013830490758443457 0.0018110953071042873 0.00042935536277039339 -0.00027273744134877757 0 -0.0019690821580091423 0.00017019410988913946
leaf_weight=4.7289630770683271 12.492926508188249 7.3699214160442343 15.271891787648203 10.279055446386339 12.083290264010428 9.3047070205211622 4.1656224578619003 5.5501985102891913 15.281959757208822
leaf_count=34 90 53 110 74 87 67 30 40 110
internal_value=6.13897e-05 0.000439699 0.000235273 0 -0.000564909 0.000797378 0.00145046 -0.000640705 -0.000354227
internal_weight=96.5285 63.2035 55.8335 46.9389 27.3552 19.5838 8.89459 33.3251 27.7749
internal_count=695 455 402 338 197 141 64 240 200
is_linear=0
shrinkage=0.005


Tree=2
num_leaves=10
num_cat=0
split_feature=1 16 8 3 19 26 12 19 8
split_gain=1.04291 0.749322 0.585122 0.875759 0.692599 0.650616 0.465865 0.397974 0.415857
threshold=0.039419497061647053 91.40000000000002 -0.0049127346103277902 0.036197355397212257 -50.79999999999999 265.62000000000006 0.048963452843004747 -33.04999999999999 0.012055510359878363
decision_type=2 2 2 2 2 2 2 2 2
left_child=1 2 5 4 -4 -1 7 -2 -9
right_child=6 -3 3 -5 -6 -7 -8 8 -10
leaf_value=0.0026659192539604326 -0.0016540481433346397 0.0019466380083951048 0.0015751458073221443 -0.0018434491142216398 -4.098424500584926e-05 0 -0.0019832973519906504 0.00030663797416760472 -0.0012414158070844475
leaf_weight=4.735451325774191 4.8611069768667248 7.3787978440523139 8.0648694038391096 5.5467422008514395 33.322836339473724 4.1643587648868561 5.5445208251476279 17.216287478804592 5.6929596066474906
leaf_count=34 35 53 58 40 240 30 40 124 41
internal_value=6.32319e-05 0.000445134 0.000236191 2.06521e-06 0.000263392 0.00140811 -0.000646 -0.000357943 -5.81422e-05
internal_weight=96.5279 63.2131 55.8343 46.9344 41.3877 8.89981 33.3149 27.7704 22.9092
internal_count=695 455 402 338 298 64 240 200 165
is_linear=0
shrinkage=0.005


Tree=3
num_leaves=10
num_cat=0
split_feature=1 2 2 1 13 13 13 31 2
split_gain=0.802503 1.05538 0.910948 0.663521 0.754188 0.530942 0.8854 0.611054 0.123776
threshold=-0.047664838747969389 -0.0642815369986071 -0.032200365382549549 -0.092251817163125624 -0.0074829194270884516 -0.018920014846916019 -0.026236951659575233 224.16000000000003 -0.14425010181163381
decision_type=2 2 2 2 2 2 2 2 2
left_child=3 -2 -3 8 -5 6 -4 -7 -1
right_child=1 2 5 4 -6 7 -8 -9 -10
leaf_value=0.00036212419342038135 -0.0026782490877916183 0.0016487609567841972 -0.00027326319049110796 0 0.0025012727491522547 -0.00069713880752255927 0.0025102373208113703 0.00094892297924172551 -0.00081076883509273987
leaf_weight=4.1656248867511749 4.1696900874376288 6.6705757826566687 8.059058949351309 4.1696272045373908 8.0611838400363904 47.482492655515671 4.1675600260496131 6.1144900918006888 4.1690830886364001
leaf_count=30 30 48 58 30 58 342 30 44 30
internal_value=-2.47219e-06 -0.000242938 -9.4223e-05 0.000868094 0.00161148 -0.000279565 0.000641151 -0.000499322 -0.00016627
internal_weight=97.2294 76.6639 72.4942 20.5655 12.2308 65.8236 12.2266 53.597 8.33471
internal_count=700 552 522 148 88 474 88 386 60
is_linear=0
shrinkage=0.005


Tree=4
num_leaves=10
num_cat=0
split_feature=1 2 2 23 31 12 1 2 15
split_gain=0.779447 1.00922 0.957238 0.663217 0.521231 0.783036 0.512656 0.47005 0.407261
threshold=-0.047664838747969389 -0.0642815369986071 -0.032200365382549549 0.086706196178103725 110.08500000000002 -0.042265931313639808 -0.092251817163125624 0.049251273440739769 -11.799999999999995
decision_type=2 2 2 2 2 2 2 2 2
left_child=3 -2 -3 -1 5 -4 -5 -6 -8
right_child=1 2 4 6 7 -7 8 -9 -10
leaf_value=0.0025712649368455636 -0.0026231024079525381 0.0016922706504621072 0.0011066660942917088 -0.00066862787020418441 0.00082459513302086929 -0.0009452945084103382 0 -0.00048759637644966021 0.002026466604649725
leaf_weight=4.4507202059030559 4.1623070091009131 6.6776936352252951 5.1403947174549094 6.6658397763967558 15.284931361675264 33.588371381163597 4.1729200184345281 11.801581919193266 5.2867447286844182
leaf_count=32 30 48 37 48 110 242 30 85 38
internal_value=-2.12143e-06 -0.000239254 -9.37752e-05 0.000855497 -0.000283728 -0.000658972 0.000344541 0.000234604 0.00111082
internal_weight=97.2315 76.6553 72.493 20.5762 65.8153 38.7288 16.1255 27.0865 9.45966
internal_count=700 552 522 148 474 279 116 195 68
is_linear=0
shrinkage=0.005


Tree=5
num_leaves=10
num_cat=0
split_feature=1 2 2 23 31 31 12 2 24
split_gain=0.761736 1.0206 0.945488 0.666135 0.528742 0.514379 0.786233 0.503492 0.258128
threshold=-0.047664838747969389 -0.0642815369986071 -0.032200365382549549 0.086706196178103725 101.11500000000002 110.08500000000002 -0.042265931313639808 0.049251273440739769 0.26306529242249277
decision_type=2 2 2 2 2 2 2 2 2
left_child=3 -2 -3 -1 -5 6 -4 -7 -6
right_child=1 2 5 4 8 7 -8 -9 -10
leaf_value=0.0025616472248735996 -0.0026371785703995323 0.0016823391584097384 0.0011154234405942977 0.0017126208682701689 0.00066758431183740348 0.00084422721741005482 -0.0009406786634716444 -0.00051467188088211114 -0.00085243440457984012
leaf_weight=4.4569171518087414 4.1546641141176215 6.6848639696836463 5.1434657871723166 4.8699151724576977 4.3141361773014051 15.294086650013925 33.571880161762238 11.800374358892439 6.94515061378479
leaf_count=32 30 48 37 35 31 110 242 85 50
internal_value=-3.24974e-06 -0.000237782 -9.16581e-05 0.000844229 0.000332308 -0.00028059 -0.000653534 0.000234112 -0.000225432
internal_weight=97.2355 76.6493 72.4947 20.5861 16.1292 65.8098 38.7153 27.0945 11.2593
internal_count=700 552 522 148 116 474 279 195 81
is_linear=0
shrinkage=0.005


Tree=6
num_leaves=10
num_cat=0
split_feature=12 12 14 9 8 20 17 9 22
split_gain=0.625971 0.546937 0.426051 0.701073 0.672966 0.609296 0.603153 0.359067 0.292816
threshold=-0.043757217418180665 -0.05468643629641378 24.737483265009292 -0.0010493635927290078 0.00517347872418267 38.000000000000007 125.95 -0.0020133098983888529 48.45000000000001
decision_type=2 2 2 2 2 2 2 2 2
left_child=1 -1 3 5 6 7 -5 -2 -6
right_child=2 -3 -4 4 8 -7 -8 -9 -10
leaf_value=2.1513016644072197e-06 -0.00083863856563861261 0.0023977022856107779 0.00094923998825058612 0.00051666839882544659 -0.0015529789779390876 9.3873624747371634e-05 -0.0012456024038301683 -0.0025410106166114089 0
leaf_weight=5.9771089255809784 8.046947181224823 4.4478167146444303 6.9436959326267234 36.953277990221977 8.6091864705085737 6.6619345992803565 5.4195841401815406 6.793868139386178 4.7237808704376212
leaf_count=43 58 32 50 266 62 48 39 49 34
internal_value=-6.63862e-05 0.00107852 -0.000214713 -0.000326411 -2.09368e-05 -0.0010927 0.000278281 -0.00165745 -0.00100672
internal_weight=94.5772 10.4249 84.1523 77.2086 55.7058 21.5027 42.3729 14.8408 13.333
internal_count=681 75 606 556 401 155 305 107 96
is_linear=0
shrinkage=0.005


Tree=7
num_leaves=10
num_cat=0
split_feature=12 10 31 9 25 12 12 2 10
split_gain=0.626064 0.596418 1.12453 0.632023 0.668137 0.655768 0.531504 0.493346 0.438074
threshold=-0.043757217418180665 -0.0077088322228075152 163.50500000000002 -0.0010737233797621557 -0.0011905031860133251 -0.019674959425832136 -0.05468643629641378 0.10123946442734456 0.0023197033076942214
decision_type=2 2 2 2 2 2 2 2 2
left_child=6 2 -2 7 8 -6 -1 -3 -5
right_child=1 3 -4 4 5 -7 -8 -9 -10
leaf_value=9.294763376341597e-06 0.0019649767706487924 -0.0020190485645890399 -0.00084409500288456206 -0.0017210044321578622 -0.0012214099489457886 0.00049912694335938672 0.0023717595234573163 -0.00028421120295905552 0.00013368604932601394
leaf_weight=5.9766509234905243 7.9118215441703779 9.4249865710735339 6.1147013753652573 9.0199033915996534 6.530487522482864 32.37700633704663 4.4551569372415525 8.6042628437280637 4.1646320521831504
leaf_count=43 57 68 44 65 47 233 32 62 30
internal_value=-7.19216e-05 -0.00022028 0.000706226 -0.000413108 -0.000122707 0.000196309 0.00107245 -0.00122185 -0.00109909
internal_weight=94.5796 84.1478 14.0265 70.1213 52.092 38.9075 10.4318 18.0292 13.1845
internal_count=681 606 101 505 375 280 75 130 95
is_linear=0
shrinkage=0.005


Tree=8
num_leaves=9
num_cat=0
split_feature=12 10 31 3 22 25 3 12
split_gain=0.608969 0.576694 1.1078 0.642068 0.768924 0.582238 0.546737 0.52886
threshold=-0.043757217418180665 -0.0077088322228075152 163.50500000000002 0.075450805903506848 -29.599999999999998 0.014122434536447239 -0.14176828893978502 -0.05468643629641378
decision_type=2 2 2 2 2 2 2 2
left_child=7 2 -2 4 5 -3 -6 -1
right_child=1 3 -4 -5 6 -7 -8 -9
leaf_value=0 0.0019407566705215069 9.7356929849651155e-05 -0.0008473634235006528 -0.0017291954325766793 0.00078989531222484449 0.0022630015207645137 -0.00081242133553346974 0.0023502139184093909
leaf_weight=5.9765888899564743 7.9204694926738721 13.879173964262003 6.1104045808315277 8.1833620816469175 5.8381620049476544 4.1701939404010764 38.041921824216857 4.4621315598487836
leaf_count=43 57 100 44 59 42 30 274 32
internal_value=-7.18493e-05 -0.000218279 0.000692332 -0.000407999 -0.000224094 0.00063021 -0.000587198 0.00105622
internal_weight=94.5824 84.1437 14.0309 70.1128 61.9295 18.0494 43.8801 10.4387
internal_count=681 606 101 505 446 130 316 75
is_linear=0
shrinkage=0.005


Tree=9
num_leaves=9
num_cat=0
split_feature=2 14 1 16 13 14 2 15
split_gain=0.827667 0.914004 0.50882 1.18422 0.98377 0.632831 0.478395 0.335128
threshold=0.13823481339687885 24.737483265009292 0.019085543147661647 73.600000000000009 0.018490341191475194 3.6375736825157223 0.071441416224188883 31.950000000000006
decision_type=2 2 2 2 2 2 2 2
left_child=1 2 3 5 6 -1 -4 -6
right_child=-2 -3 4 -5 7 -7 -8 -9
leaf_value=-0.0016059402299628516 -0.0016459955643259325 0.0020632517594180748 0.00058991357794845598 0.0023022032883950549 -0.0026144116244194598 0.00023180621740593425 -0.00080814667350852004 -0.00062691919380644917
leaf_weight=5.2755032181739798 7.2121063321828833 5.5584835410118094 15.83092585206032 6.413202077150344 5.6793046295642835 38.772137224674225 9.8456178009510023 4.7100922912359238
leaf_count=38 52 40 114 46 41 279 71 34
internal_value=-1.65781e-05 0.000106435 -1.46149e-05 0.000303427 -0.000473245 0 3.38663e-05 -0.00176858
internal_weight=99.2974 92.0853 86.5268 50.4608 36.0659 44.0476 25.6765 10.3894
internal_count=715 663 623 363 260 317 185 75
is_linear=0
shrinkage=0.005


Tree=10
num_leaves=9
num_cat=0
split_feature=2 14 1 16 13 14 2 15
split_gain=0.842963 0.939755 0.508707 1.15821 0.984292 0.514235 0.476403 0.319693
threshold=0.13823481339687885 24.737483265009292 0.019085543147661647 81.300000000000026 0.018490341191475194 3.6375736825157223 0.071441416224188883 31.950000000000006
decision_type=2 2 2 2 2 2 2 2
left_child=1 2 3 5 6 -1 -4 -6
right_child=-2 -3 4 -5 7 -7 -8 -9
leaf_value=-0.0014001105160273977 -0.001662937144024969 0.0020895346726004637 0.00058652119851800499 0.0024687843187710229 -0.0026013828275081312 0.0002343102705442502 -0.0008088061534169583 -0.00065053350473043704
leaf_weight=5.4122593104839316 7.2065736800432196 5.5633562952280036 15.836028680205347 5.4481099098920813 5.6712931841611844 39.60660582780838 9.842112794518469 4.7093606144189835
leaf_count=39 52 40 114 39 41 285 71 34
internal_value=-1.79454e-05 0.000106192 -1.66891e-05 0.000301242 -0.000475305 2.53874e-05 3.17431e-05 -0.00177164
internal_weight=99.2957 92.0891 86.5258 50.467 36.0588 45.0189 25.6781 10.3807
internal_count=715 663 623 363 260 324 185 75
is_linear=0
shrinkage=0.005


Tree=11
num_leaves=9
num_cat=0
split_feature=2 14 1 16 13 8 2 15
split_gain=0.839259 0.917384 0.494229 1.15033 0.983192 0.664771 0.471498 0.329889
threshold=0.13823481339687885 24.737483265009292 0.019085543147661647 81.300000000000026 0.018490341191475194 0.000428668253760669 0.071441416224188883 31.950000000000006
decision_type=2 2 2 2 2 2 2 2
left_child=1 2 3 5 6 -1 -4 -6
right_child=-2 -3 4 -5 7 -7 -8 -9
leaf_value=0.00060715021795944919 -0.0016598228407742914 0.0020646860572444523 0.00059070478039801287 0.002456146335812258 -0.0026056951171908775 -0.00060758494351689275 -0.00079702963448561248 -0.00063001108155340453
leaf_weight=23.772837534546852 7.2010201513767234 5.5682885199785224 15.84099166095257 5.4564824551343909 5.6633135527372342 21.243809953331947 9.8386843651533109 4.7085815072059631
leaf_count=171 52 40 114 39 41 153 71 34
internal_value=-1.77589e-05 0.000106044 -1.5349e-05 0.000297903 -0.000467564 2.27717e-05 3.9072e-05 -0.00176409
internal_weight=99.294 92.093 86.5247 50.4731 36.0516 45.0166 25.6797 10.3719
internal_count=715 663 623 363 260 324 185 75
is_linear=0
shrinkage=0.005


Tree=12
num_leaves=10
num_cat=0
split_feature=0 3 3 3 12 4 4 19 29
split_gain=0.740585 0.673637 1.82137 0.591295 0.912032 0.54011 0.885908 0.670712 0.505598
threshold=0.0042112916701199108 -0.024629901285410091 0.015592612043482392 0.056141498687819376 0.0111878303552736 0.041374894760909588 0.023363881120871347 -3.0000000000000004 297.9550000000001
decision_type=2 2 2 2 2 2 2 2 2
left_child=5 -2 -3 -4 -5 6 8 -8 -1
right_child=1 2 3 4 -6 -7 7 -9 -10
leaf_value=0.0011435723131025231 -0.0019033075781211967 0.001888587367032566 -0.0019048965212055491 0.00082460560382317154 -0.0012790513238773479 0.0019445750543722535 0.00018786026606622781 -0.0023119420644846216 2.9263606768827071e-06
leaf_weight=19.469269990921021 6.9434131681919089 8.0624229013919813 8.4668947309255618 9.3084866404533404 11.081374287605284 5.142836704850196 4.7189380824565887 5.2743412107229215 21.116501569747925
leaf_count=140 50 58 61 67 80 37 34 38 152
internal_value=8.36945e-06 -0.000472164 -0.000187273 -0.000786818 -0.000294549 0.00039568 0.000226549 -0.00108666 0.00056314
internal_weight=99.5845 43.8626 36.9192 28.8568 20.3899 55.7219 50.5791 9.99328 40.5858
internal_count=717 316 266 208 147 401 364 72 292
is_linear=0
shrinkage=0.005


Tree=13
num_leaves=9
num_cat=0
split_feature=2 4 12 7 28 12 9 31
split_gain=0.747474 0.987103 0.620845 0.886525 0.747261 0.709496 0.545796 0.498918
threshold=0.15012475487824031 0.041374894760909588 0.015946864992331892 0.016768958213891728 164.06000000000003 0.006713849431926878 -0.00056319943186355014 94.780000000000015
decision_type=2 2 2 2 2 2 2 2
left_child=1 2 3 5 6 -1 -4 -6
right_child=-2 -3 4 -5 7 -7 -8 -9
leaf_value=0.00032812159170679452 -0.0016762418717660857 0.0022723494334257388 -0.0005387537235231806 -0.0013936202095132771 -0.00227707719797717 0.0021442719166176031 0.0015086165561132351 -0.00055736051570637313
leaf_weight=40.177508562803268 6.0887806862592688 5.0090535879135123 6.2259635478258133 6.2402135729789725 6.2270260304212597 6.4017972201108924 6.258227273821829 16.956201329827309
leaf_count=289 44 36 45 45 45 46 45 122
internal_value=8.40318e-06 0.000124295 0 0.000345525 -0.000507774 0.000590485 0.00044961 -0.0010447
internal_weight=99.5848 93.496 88.4869 52.8195 35.6674 46.5793 12.4842 23.1832
internal_count=717 673 637 380 257 335 90 167
is_linear=0
shrinkage=0.005


Tree=14
num_leaves=9
num_cat=0
split_feature=2 4 12 7 28 12 9 31
split_gain=0.745267 0.993517 0.62591 0.862752 0.736539 0.652102 0.52559 0.512888
threshold=0.15012475487824031 0.041374894760909588 0.015946864992331892 0.016768958213891728 164.06000000000003 0.006713849431926878 -0.00056319943186355014 94.780000000000015
decision_type=2 2 2 2 2 2 2 2
left_child=1 2 3 5 6 -1 -4 -6
right_child=-2 -3 4 -5 7 -7 -8 -9
leaf_value=0.00033883057561836193 -0.001670620463734316 0.0022814312382223524 -0.00052635967100527696 -0.0013660489832021494 -0.0022899103446502151 0.002081639744405285 0.0014815459529100414 -0.00054742546953532201
leaf_weight=40.181434094905853 6.0847714543342581 5.014787793159484 6.2246760278940201 6.2355080246925345 6.2171892821788814 6.4093559831380835 6.264338552951811 16.952061086893082
leaf_count=289 44 36 45 45 45 46 45 122
internal_value=1.19543e-05 0.000127632 0 0.00034971 -0.000507065 0.000591278 0.000442798 -0.00104046
internal_weight=99.5841 93.4994 88.4846 52.8263 35.6583 46.5908 12.489 23.1693
internal_count=717 673 637 380 257 335 90 167
is_linear=0
shrinkage=0.005


Tree=15
num_leaves=10
num_cat=0
split_feature=1 16 19 5 0 1 29 2 11
split_gain=0.733569 1.08768 0.6071 0.579932 0.741645 0.49945 0.438796 0.50515 0.552148
threshold=0.039419497061647053 87.100000000000023 46.350000000000001 0.0027128489631582883 -0.012452994612581534 -0.0070318638538088276 343.85500000000008 0.1439250601151513 -0.02059205528362051
decision_type=2 2 2 2 2 2 2 2 2
left_child=1 2 3 4 -1 -3 7 8 -2
right_child=6 5 -4 -5 -6 -7 -8 -9 -10
leaf_value=0.00081887872169388509 0.00082007702751924925 0.0032397954459959526 0.0014437164778083374 -0.0014067993186189498 -0.00053206595652864283 0.00061562526413808702 -0.0015718067470982405 -0.0016215867866984099 -0.00078250886189850364
leaf_weight=19.18090225756168 11.95781557261944 4.210534930229187 6.9525827914476386 7.4859778434038153 21.235543757677082 4.195985868573187 8.4421288073062879 5.2505192607641211 9.55809234082699
leaf_count=138 86 30 50 54 153 30 61 38 69
internal_value=2.36983e-06 0.000329289 6.24824e-05 -0.00012886 9.69313e-05 0.00200049 -0.000570481 -0.000233675 8.48059e-05
internal_weight=98.4701 63.2615 54.855 47.9024 40.4164 8.40652 35.2086 26.7664 21.5159
internal_count=709 455 395 345 291 60 254 193 155
is_linear=0
shrinkage=0.005


Tree=16
num_leaves=10
num_cat=0
split_feature=1 16 12 12 11 25 1 29 1
split_gain=0.703995 1.03681 0.803581 0.740068 0.687796 0.532134 0.495678 0.435424 0.481721
threshold=0.039419497061647053 87.100000000000023 -0.044272945881740459 -0.0064021881433378716 -0.01667951429359504 -0.0021076628360994771 -0.0070318638538088276 343.85500000000008 0.10345998497521404
decision_type=2 2 2 2 2 2 2 2 2
left_child=1 2 -1 5 -5 -4 -3 8 -2
right_child=7 6 3 4 -6 -7 -8 -9 -10
leaf_value=0.0021578306032718308 0.00027711415718360442 0.0031800578119373026 0.00022527264832321767 0.0015034418897402174 -0.00010178216611507621 -0.0017019413889109963 0.0005714119606673281 -0.0015606385657472976 -0.0010864769025761116
leaf_weight=4.1782606095075598 16.515975251793865 4.2190280854701996 4.8592351675033578 8.6128370314836449 27.076322034001354 10.125436052680012 4.1977484524250013 8.435707673430441 10.250073999166487
leaf_count=30 119 30 35 62 195 73 30 61 74
internal_value=0 0.000318671 5.78282e-05 -0.000107425 0.000273176 -0.00104506 0.00194914 -0.000562901 -0.00022748
internal_weight=98.4706 63.2689 54.8521 50.6738 35.6892 14.9847 8.41678 35.2018 26.766
internal_count=709 455 395 365 257 108 60 254 193
is_linear=0
shrinkage=0.005


end of trees

feature_importances:
ps=19
tdte=19
pbv=16
surprise_EURO=8
EPU_Australia=8
pebitda=7
dy=7
pm=6
tdta=6
eps12m=6
surprise_PAC=5
world_trade=5
roe=4
surprise_US=4
em=3
EPU_global=3
EPU_Europe=3
EPU_UK=3
pe=2
om=2
nde=2
surprise_AUS=2
prob_risk_off=2
prob_inflation=2
roa=1
surprise_UK=1
surprise_GEM=1

parameters:
[boosting: gbdt]
[objective: rank_xendcg]
[metric: ndcg]
[tree_learner: serial]
[device_type: cpu]
[data_sample_strategy: bagging]
[data: ]
[valid: ]
[num_iterations: 17]
[learning_rate: 0.005]
[num_leaves: 10]
[num_threads: 1]
[seed: 42]
[deterministic: 0]
[force_col_wise: 0]
[force_row_wise: 0]
[histogram_pool_size: -1]
[max_depth: 5]
[min_data_in_leaf: 30]
[min_sum_hessian_in_leaf: 0.001]
[bagging_fraction: 0.8]
[pos_bagging_fraction: 1]
[neg_bagging_fraction: 1]
[bagging_freq: 3]
[bagging_seed: 400]
[bagging_by_query: 0]
[feature_fraction: 0.9]
[feature_fraction_bynode: 1]
[feature_fraction_seed: 30056]
[extra_trees: 0]
[extra_seed: 12879]
[early_stopping_round: 0]
[early_stopping_min_delta: 0]
[first_metric_only: 0]
[max_delta_step: 0]
[lambda_l1: 0.1]
[lambda_l2: 0.05]
[linear_lambda: 0]
[min_gain_to_split: 0]
[drop_rate: 0.1]
[max_drop: 50]
[skip_drop: 0.5]
[xgboost_dart_mode: 0]
[uniform_drop: 0]
[drop_seed: 17869]
[top_rate: 0.2]
[other_rate: 0.1]
[min_data_per_group: 100]
[max_cat_threshold: 32]
[cat_l2: 10]
[cat_smooth: 10]
[max_cat_to_onehot: 4]
[top_k: 20]
[monotone_constraints: ]
[monotone_constraints_method: basic]
[monotone_penalty: 0]
[feature_contri: ]
[forcedsplits_filename: ]
[refit_decay_rate: 0.9]
[cegb_tradeoff: 1]
[cegb_penalty_split: 0]
[cegb_penalty_feature_lazy: ]
[cegb_penalty_feature_coupled: ]
[path_smooth: 0]
[interaction_constraints: ]
[verbosity: -1]
[saved_feature_importance_type: 0]
[use_quantized_grad: 0]
[num_grad_quant_bins: 4]
[quant_train_renew_leaf: 0]
[stochastic_rounding: 1]
[linear_tree: 0]
[max_bin: 255]
[max_bin_by_feature: ]
[min_data_in_bin: 3]
[bin_construct_sample_cnt: 200000]
[data_random_seed: 175]
[is_enable_sparse: 1]
[enable_bundle: 1]
[use_missing: 1]
[zero_as_missing: 0]
[feature_pre_filter: 1]
[pre_partition: 0]
[two_round: 0]
[header: 0]
[label_column: ]
[weight_column: ]
[group_column: ]
[ignore_column: ]
[categorical_feature: ]
[forcedbins_filename: ]
[precise_float_parser: 0]
[parser_config_file: ]
[objective_seed: 16083]
[num_class: 1]
[is_unbalance: 0]
[scale_pos_weight: 1]
[sigmoid: 1]
[boost_from_average: 1]
[reg_sqrt: 0]
[alpha: 0.9]
[fair_c: 1]
[poisson_max_delta_step: 0.7]
[tweedie_variance_power: 1.5]
[lambdarank_truncation_level: 30]
[lambdarank_norm: 1]
[label_gain: ]
[lambdarank_position_bias_regularization: 0]
[eval_at: 1]
[multi_error_top_k: 1]
[auc_mu_weights: ]
[num_machines: 1]
[local_listen_port: 12400]
[time_out: 120]
[machine_list_filename: ]
[machines: ]
[gpu_platform_id: -1]
[gpu_device_id: -1]
[gpu_use_dp: 0]
[num_gpu: 1]

end of parameters

pandas_categorical:[]
